2022/10/06-01:39:53.410173 7f105b796d80 RocksDB version: 5.14.3
2022/10/06-01:39:53.410181 7f105b796d80 Git sha rocksdb_build_git_sha:@0@
2022/10/06-01:39:53.410182 7f105b796d80 Compile date Sep 26 2022
2022/10/06-01:39:53.410182 7f105b796d80 DB SUMMARY
2022/10/06-01:39:53.410194 7f105b796d80 CURRENT file:  CURRENT
2022/10/06-01:39:53.410195 7f105b796d80 IDENTITY file:  IDENTITY
2022/10/06-01:39:53.410197 7f105b796d80 MANIFEST file:  MANIFEST-000001 size: 13 Bytes
2022/10/06-01:39:53.410198 7f105b796d80 SST files in /home/srisht/project_repo/lmpt/openethlmpt/parity0/chains/PoA/db/39a66995541c70b4/overlayrecent/db dir, Total Num: 0, files: 
2022/10/06-01:39:53.410199 7f105b796d80 Write Ahead Log file in /home/srisht/project_repo/lmpt/openethlmpt/parity0/chains/PoA/db/39a66995541c70b4/overlayrecent/db: 000003.log size: 0 ; 
2022/10/06-01:39:53.410200 7f105b796d80                         Options.error_if_exists: 0
2022/10/06-01:39:53.410200 7f105b796d80                       Options.create_if_missing: 1
2022/10/06-01:39:53.410201 7f105b796d80                         Options.paranoid_checks: 1
2022/10/06-01:39:53.410201 7f105b796d80                                     Options.env: 0x562bce54b800
2022/10/06-01:39:53.410202 7f105b796d80                                Options.info_log: 0x562bd0176d70
2022/10/06-01:39:53.410202 7f105b796d80                Options.max_file_opening_threads: 16
2022/10/06-01:39:53.410203 7f105b796d80                              Options.statistics: (nil)
2022/10/06-01:39:53.410203 7f105b796d80                               Options.use_fsync: 0
2022/10/06-01:39:53.410204 7f105b796d80                       Options.max_log_file_size: 0
2022/10/06-01:39:53.410204 7f105b796d80                  Options.max_manifest_file_size: 18446744073709551615
2022/10/06-01:39:53.410205 7f105b796d80                   Options.log_file_time_to_roll: 0
2022/10/06-01:39:53.410205 7f105b796d80                       Options.keep_log_file_num: 1
2022/10/06-01:39:53.410206 7f105b796d80                    Options.recycle_log_file_num: 0
2022/10/06-01:39:53.410206 7f105b796d80                         Options.allow_fallocate: 1
2022/10/06-01:39:53.410207 7f105b796d80                        Options.allow_mmap_reads: 0
2022/10/06-01:39:53.410207 7f105b796d80                       Options.allow_mmap_writes: 0
2022/10/06-01:39:53.410208 7f105b796d80                        Options.use_direct_reads: 0
2022/10/06-01:39:53.410208 7f105b796d80                        Options.use_direct_io_for_flush_and_compaction: 0
2022/10/06-01:39:53.410209 7f105b796d80          Options.create_missing_column_families: 0
2022/10/06-01:39:53.410209 7f105b796d80                              Options.db_log_dir: 
2022/10/06-01:39:53.410210 7f105b796d80                                 Options.wal_dir: /home/srisht/project_repo/lmpt/openethlmpt/parity0/chains/PoA/db/39a66995541c70b4/overlayrecent/db
2022/10/06-01:39:53.410210 7f105b796d80                Options.table_cache_numshardbits: 6
2022/10/06-01:39:53.410211 7f105b796d80                      Options.max_subcompactions: 1
2022/10/06-01:39:53.410211 7f105b796d80                  Options.max_background_flushes: -1
2022/10/06-01:39:53.410211 7f105b796d80                         Options.WAL_ttl_seconds: 0
2022/10/06-01:39:53.410212 7f105b796d80                       Options.WAL_size_limit_MB: 0
2022/10/06-01:39:53.410212 7f105b796d80             Options.manifest_preallocation_size: 4194304
2022/10/06-01:39:53.410213 7f105b796d80                     Options.is_fd_close_on_exec: 1
2022/10/06-01:39:53.410213 7f105b796d80                   Options.advise_random_on_open: 1
2022/10/06-01:39:53.410214 7f105b796d80                    Options.db_write_buffer_size: 9586980
2022/10/06-01:39:53.410214 7f105b796d80                    Options.write_buffer_manager: 0x562bd0173a30
2022/10/06-01:39:53.410215 7f105b796d80         Options.access_hint_on_compaction_start: 1
2022/10/06-01:39:53.410215 7f105b796d80  Options.new_table_reader_for_compaction_inputs: 0
2022/10/06-01:39:53.410216 7f105b796d80           Options.random_access_max_buffer_size: 1048576
2022/10/06-01:39:53.410216 7f105b796d80                      Options.use_adaptive_mutex: 0
2022/10/06-01:39:53.410221 7f105b796d80                            Options.rate_limiter: (nil)
2022/10/06-01:39:53.410221 7f105b796d80     Options.sst_file_manager.rate_bytes_per_sec: 0
2022/10/06-01:39:53.410222 7f105b796d80                       Options.wal_recovery_mode: 2
2022/10/06-01:39:53.410222 7f105b796d80                  Options.enable_thread_tracking: 0
2022/10/06-01:39:53.410223 7f105b796d80                  Options.enable_pipelined_write: 0
2022/10/06-01:39:53.410223 7f105b796d80         Options.allow_concurrent_memtable_write: 1
2022/10/06-01:39:53.410224 7f105b796d80      Options.enable_write_thread_adaptive_yield: 1
2022/10/06-01:39:53.410224 7f105b796d80             Options.write_thread_max_yield_usec: 100
2022/10/06-01:39:53.410225 7f105b796d80            Options.write_thread_slow_yield_usec: 3
2022/10/06-01:39:53.410225 7f105b796d80                               Options.row_cache: None
2022/10/06-01:39:53.410226 7f105b796d80                              Options.wal_filter: None
2022/10/06-01:39:53.410226 7f105b796d80             Options.avoid_flush_during_recovery: 0
2022/10/06-01:39:53.410227 7f105b796d80             Options.allow_ingest_behind: 0
2022/10/06-01:39:53.410227 7f105b796d80             Options.preserve_deletes: 0
2022/10/06-01:39:53.410228 7f105b796d80             Options.two_write_queues: 0
2022/10/06-01:39:53.410228 7f105b796d80             Options.manual_wal_flush: 0
2022/10/06-01:39:53.410228 7f105b796d80             Options.max_background_jobs: 4
2022/10/06-01:39:53.410229 7f105b796d80             Options.max_background_compactions: -1
2022/10/06-01:39:53.410229 7f105b796d80             Options.avoid_flush_during_shutdown: 0
2022/10/06-01:39:53.410230 7f105b796d80           Options.writable_file_max_buffer_size: 1048576
2022/10/06-01:39:53.410230 7f105b796d80             Options.delayed_write_rate : 16777216
2022/10/06-01:39:53.410231 7f105b796d80             Options.max_total_wal_size: 0
2022/10/06-01:39:53.410231 7f105b796d80             Options.delete_obsolete_files_period_micros: 21600000000
2022/10/06-01:39:53.410232 7f105b796d80                   Options.stats_dump_period_sec: 600
2022/10/06-01:39:53.410232 7f105b796d80                          Options.max_open_files: 512
2022/10/06-01:39:53.410233 7f105b796d80                          Options.bytes_per_sync: 1048576
2022/10/06-01:39:53.410233 7f105b796d80                      Options.wal_bytes_per_sync: 0
2022/10/06-01:39:53.410234 7f105b796d80       Options.compaction_readahead_size: 0
2022/10/06-01:39:53.410234 7f105b796d80 Compression algorithms supported:
2022/10/06-01:39:53.410235 7f105b796d80 	kZSTDNotFinalCompression supported: 0
2022/10/06-01:39:53.410236 7f105b796d80 	kZSTD supported: 0
2022/10/06-01:39:53.410237 7f105b796d80 	kXpressCompression supported: 0
2022/10/06-01:39:53.410237 7f105b796d80 	kLZ4HCCompression supported: 0
2022/10/06-01:39:53.410238 7f105b796d80 	kLZ4Compression supported: 0
2022/10/06-01:39:53.410238 7f105b796d80 	kBZip2Compression supported: 0
2022/10/06-01:39:53.410239 7f105b796d80 	kZlibCompression supported: 0
2022/10/06-01:39:53.410239 7f105b796d80 	kSnappyCompression supported: 1
2022/10/06-01:39:53.410240 7f105b796d80 Fast CRC32 supported: Not supported on x86
2022/10/06-01:39:53.410298 7f105b796d80 [/home/srisht/.cargo/registry/src/github.com-1ecc6299db9ec823/parity-rocksdb-sys-0.5.6/rocksdb/db/version_set.cc:3085] Recovering from manifest file: MANIFEST-000001
2022/10/06-01:39:53.410322 7f105b796d80 [/home/srisht/.cargo/registry/src/github.com-1ecc6299db9ec823/parity-rocksdb-sys-0.5.6/rocksdb/db/column_family.cc:475] --------------- Options for column family [default]:
2022/10/06-01:39:53.410323 7f105b796d80               Options.comparator: leveldb.BytewiseComparator
2022/10/06-01:39:53.410323 7f105b796d80           Options.merge_operator: None
2022/10/06-01:39:53.410324 7f105b796d80        Options.compaction_filter: None
2022/10/06-01:39:53.410324 7f105b796d80        Options.compaction_filter_factory: None
2022/10/06-01:39:53.410325 7f105b796d80         Options.memtable_factory: SkipListFactory
2022/10/06-01:39:53.410329 7f105b796d80            Options.table_factory: BlockBasedTable
2022/10/06-01:39:53.410337 7f105b796d80            table_factory options:   flush_block_policy_factory: FlushBlockBySizePolicyFactory (0x562bcfaf1c30)
  cache_index_and_filter_blocks: 0
  cache_index_and_filter_blocks_with_high_priority: 0
  pin_l0_filter_and_index_blocks_in_cache: 0
  index_type: 0
  hash_index_allow_collision: 1
  checksum: 1
  no_block_cache: 0
  block_cache: 0x562bcfd57790
  block_cache_name: LRUCache
  block_cache_options:
    capacity : 8388608
    num_shard_bits : 4
    strict_capacity_limit : 0
    high_pri_pool_ratio: 0.000
  block_cache_compressed: (nil)
  persistent_cache: (nil)
  block_size: 4096
  block_size_deviation: 10
  block_restart_interval: 16
  index_block_restart_interval: 1
  metadata_block_size: 4096
  partition_filters: 0
  use_delta_encoding: 1
  filter_policy: nullptr
  whole_key_filtering: 1
  verify_compression: 0
  read_amp_bytes_per_bit: 0
  format_version: 2
  enable_index_compression: 1
  block_align: 0
2022/10/06-01:39:53.410338 7f105b796d80        Options.write_buffer_size: 67108864
2022/10/06-01:39:53.410338 7f105b796d80  Options.max_write_buffer_number: 2
2022/10/06-01:39:53.410339 7f105b796d80          Options.compression: Snappy
2022/10/06-01:39:53.410340 7f105b796d80                  Options.bottommost_compression: Disabled
2022/10/06-01:39:53.410340 7f105b796d80       Options.prefix_extractor: nullptr
2022/10/06-01:39:53.410341 7f105b796d80   Options.memtable_insert_with_hint_prefix_extractor: nullptr
2022/10/06-01:39:53.410341 7f105b796d80             Options.num_levels: 7
2022/10/06-01:39:53.410341 7f105b796d80        Options.min_write_buffer_number_to_merge: 1
2022/10/06-01:39:53.410342 7f105b796d80     Options.max_write_buffer_number_to_maintain: 0
2022/10/06-01:39:53.410342 7f105b796d80            Options.compression_opts.window_bits: -14
2022/10/06-01:39:53.410343 7f105b796d80                  Options.compression_opts.level: -1
2022/10/06-01:39:53.410343 7f105b796d80               Options.compression_opts.strategy: 0
2022/10/06-01:39:53.410344 7f105b796d80         Options.compression_opts.max_dict_bytes: 0
2022/10/06-01:39:53.410344 7f105b796d80         Options.compression_opts.zstd_max_train_bytes: 0
2022/10/06-01:39:53.410345 7f105b796d80      Options.level0_file_num_compaction_trigger: 4
2022/10/06-01:39:53.410345 7f105b796d80          Options.level0_slowdown_writes_trigger: 20
2022/10/06-01:39:53.410346 7f105b796d80              Options.level0_stop_writes_trigger: 36
2022/10/06-01:39:53.410346 7f105b796d80                   Options.target_file_size_base: 67108864
2022/10/06-01:39:53.410347 7f105b796d80             Options.target_file_size_multiplier: 1
2022/10/06-01:39:53.410347 7f105b796d80                Options.max_bytes_for_level_base: 268435456
2022/10/06-01:39:53.410348 7f105b796d80 Options.level_compaction_dynamic_level_bytes: 0
2022/10/06-01:39:53.410348 7f105b796d80          Options.max_bytes_for_level_multiplier: 10.000000
2022/10/06-01:39:53.410349 7f105b796d80 Options.max_bytes_for_level_multiplier_addtl[0]: 1
2022/10/06-01:39:53.410350 7f105b796d80 Options.max_bytes_for_level_multiplier_addtl[1]: 1
2022/10/06-01:39:53.410350 7f105b796d80 Options.max_bytes_for_level_multiplier_addtl[2]: 1
2022/10/06-01:39:53.410351 7f105b796d80 Options.max_bytes_for_level_multiplier_addtl[3]: 1
2022/10/06-01:39:53.410351 7f105b796d80 Options.max_bytes_for_level_multiplier_addtl[4]: 1
2022/10/06-01:39:53.410352 7f105b796d80 Options.max_bytes_for_level_multiplier_addtl[5]: 1
2022/10/06-01:39:53.410352 7f105b796d80 Options.max_bytes_for_level_multiplier_addtl[6]: 1
2022/10/06-01:39:53.410353 7f105b796d80       Options.max_sequential_skip_in_iterations: 8
2022/10/06-01:39:53.410353 7f105b796d80                    Options.max_compaction_bytes: 1677721600
2022/10/06-01:39:53.410354 7f105b796d80                        Options.arena_block_size: 8388608
2022/10/06-01:39:53.410354 7f105b796d80   Options.soft_pending_compaction_bytes_limit: 68719476736
2022/10/06-01:39:53.410357 7f105b796d80   Options.hard_pending_compaction_bytes_limit: 274877906944
2022/10/06-01:39:53.410358 7f105b796d80       Options.rate_limit_delay_max_milliseconds: 100
2022/10/06-01:39:53.410358 7f105b796d80                Options.disable_auto_compactions: 0
2022/10/06-01:39:53.410359 7f105b796d80                        Options.compaction_style: kCompactionStyleLevel
2022/10/06-01:39:53.410359 7f105b796d80                          Options.compaction_pri: kByCompensatedSize
2022/10/06-01:39:53.410360 7f105b796d80 Options.compaction_options_universal.size_ratio: 1
2022/10/06-01:39:53.410360 7f105b796d80 Options.compaction_options_universal.min_merge_width: 2
2022/10/06-01:39:53.410361 7f105b796d80 Options.compaction_options_universal.max_merge_width: 4294967295
2022/10/06-01:39:53.410361 7f105b796d80 Options.compaction_options_universal.max_size_amplification_percent: 200
2022/10/06-01:39:53.410362 7f105b796d80 Options.compaction_options_universal.compression_size_percent: -1
2022/10/06-01:39:53.410362 7f105b796d80 Options.compaction_options_universal.stop_style: kCompactionStopStyleTotalSize
2022/10/06-01:39:53.410363 7f105b796d80 Options.compaction_options_fifo.max_table_files_size: 1073741824
2022/10/06-01:39:53.410363 7f105b796d80 Options.compaction_options_fifo.allow_compaction: 0
2022/10/06-01:39:53.410364 7f105b796d80 Options.compaction_options_fifo.ttl: 0
2022/10/06-01:39:53.410364 7f105b796d80                   Options.table_properties_collectors: 
2022/10/06-01:39:53.410365 7f105b796d80                   Options.inplace_update_support: 0
2022/10/06-01:39:53.410365 7f105b796d80                 Options.inplace_update_num_locks: 10000
2022/10/06-01:39:53.410366 7f105b796d80               Options.memtable_prefix_bloom_size_ratio: 0.000000
2022/10/06-01:39:53.410366 7f105b796d80   Options.memtable_huge_page_size: 0
2022/10/06-01:39:53.410367 7f105b796d80                           Options.bloom_locality: 0
2022/10/06-01:39:53.410367 7f105b796d80                    Options.max_successive_merges: 0
2022/10/06-01:39:53.410368 7f105b796d80                Options.optimize_filters_for_hits: 0
2022/10/06-01:39:53.410368 7f105b796d80                Options.paranoid_file_checks: 0
2022/10/06-01:39:53.410369 7f105b796d80                Options.force_consistency_checks: 0
2022/10/06-01:39:53.410369 7f105b796d80                Options.report_bg_io_stats: 0
2022/10/06-01:39:53.410370 7f105b796d80                               Options.ttl: 0
2022/10/06-01:39:53.410378 7f105b796d80 [/home/srisht/.cargo/registry/src/github.com-1ecc6299db9ec823/parity-rocksdb-sys-0.5.6/rocksdb/db/version_set.cc:3361] Recovered from manifest file:/home/srisht/project_repo/lmpt/openethlmpt/parity0/chains/PoA/db/39a66995541c70b4/overlayrecent/db/MANIFEST-000001 succeeded,manifest_file_number is 1, next_file_number is 3, last_sequence is 0, log_number is 0,prev_log_number is 0,max_column_family is 0,min_log_number_to_keep is 0
2022/10/06-01:39:53.410379 7f105b796d80 [/home/srisht/.cargo/registry/src/github.com-1ecc6299db9ec823/parity-rocksdb-sys-0.5.6/rocksdb/db/version_set.cc:3369] Column family [default] (ID 0), log number is 0
2022/10/06-01:39:53.410408 7f105b796d80 EVENT_LOG_v1 {"time_micros": 1665034793410404, "job": 1, "event": "recovery_started", "log_files": [3]}
2022/10/06-01:39:53.410410 7f105b796d80 [/home/srisht/.cargo/registry/src/github.com-1ecc6299db9ec823/parity-rocksdb-sys-0.5.6/rocksdb/db/db_impl_open.cc:551] Recovering log #3 mode 2
2022/10/06-01:39:53.410436 7f105b796d80 [/home/srisht/.cargo/registry/src/github.com-1ecc6299db9ec823/parity-rocksdb-sys-0.5.6/rocksdb/db/version_set.cc:2847] Creating manifest 5
2022/10/06-01:39:53.477882 7f105b796d80 EVENT_LOG_v1 {"time_micros": 1665034793477877, "job": 1, "event": "recovery_finished"}
2022/10/06-01:39:53.478163 7f105b796d80 [/home/srisht/.cargo/registry/src/github.com-1ecc6299db9ec823/parity-rocksdb-sys-0.5.6/rocksdb/db/db_impl_files.cc:477] [JOB 2] Delete info log file /home/srisht/project_repo/lmpt/openethlmpt/parity0/chains/PoA/db/39a66995541c70b4/overlayrecent/db//LOG.old.1665034793410133
2022/10/06-01:39:53.546169 7f105b796d80 [/home/srisht/.cargo/registry/src/github.com-1ecc6299db9ec823/parity-rocksdb-sys-0.5.6/rocksdb/db/db_impl_open.cc:1219] DB pointer 0x562bd0174c90
2022/10/06-01:39:53.579595 7f105b796d80 [/home/srisht/.cargo/registry/src/github.com-1ecc6299db9ec823/parity-rocksdb-sys-0.5.6/rocksdb/db/column_family.cc:475] --------------- Options for column family [col0]:
2022/10/06-01:39:53.579605 7f105b796d80               Options.comparator: leveldb.BytewiseComparator
2022/10/06-01:39:53.579608 7f105b796d80           Options.merge_operator: None
2022/10/06-01:39:53.579609 7f105b796d80        Options.compaction_filter: None
2022/10/06-01:39:53.579610 7f105b796d80        Options.compaction_filter_factory: None
2022/10/06-01:39:53.579612 7f105b796d80         Options.memtable_factory: SkipListFactory
2022/10/06-01:39:53.579613 7f105b796d80            Options.table_factory: BlockBasedTable
2022/10/06-01:39:53.579642 7f105b796d80            table_factory options:   flush_block_policy_factory: FlushBlockBySizePolicyFactory (0x562bd0173bb0)
  cache_index_and_filter_blocks: 1
  cache_index_and_filter_blocks_with_high_priority: 0
  pin_l0_filter_and_index_blocks_in_cache: 1
  index_type: 0
  hash_index_allow_collision: 1
  checksum: 1
  no_block_cache: 0
  block_cache: 0x562bcfca82d0
  block_cache_name: LRUCache
  block_cache_options:
    capacity : 44739242
    num_shard_bits : 6
    strict_capacity_limit : 0
    high_pri_pool_ratio: 0.000
  block_cache_compressed: (nil)
  persistent_cache: (nil)
  block_size: 16384
  block_size_deviation: 10
  block_restart_interval: 16
  index_block_restart_interval: 1
  metadata_block_size: 4096
  partition_filters: 0
  use_delta_encoding: 1
  filter_policy: nullptr
  whole_key_filtering: 1
  verify_compression: 0
  read_amp_bytes_per_bit: 0
  format_version: 2
  enable_index_compression: 1
  block_align: 0
2022/10/06-01:39:53.579644 7f105b796d80        Options.write_buffer_size: 4793490
2022/10/06-01:39:53.579645 7f105b796d80  Options.max_write_buffer_number: 6
2022/10/06-01:39:53.579647 7f105b796d80          Options.compression: Snappy
2022/10/06-01:39:53.579648 7f105b796d80                  Options.bottommost_compression: Disabled
2022/10/06-01:39:53.579650 7f105b796d80       Options.prefix_extractor: nullptr
2022/10/06-01:39:53.579660 7f105b796d80   Options.memtable_insert_with_hint_prefix_extractor: nullptr
2022/10/06-01:39:53.579661 7f105b796d80             Options.num_levels: 7
2022/10/06-01:39:53.579663 7f105b796d80        Options.min_write_buffer_number_to_merge: 2
2022/10/06-01:39:53.579664 7f105b796d80     Options.max_write_buffer_number_to_maintain: 0
2022/10/06-01:39:53.579665 7f105b796d80            Options.compression_opts.window_bits: -14
2022/10/06-01:39:53.579666 7f105b796d80                  Options.compression_opts.level: -1
2022/10/06-01:39:53.579668 7f105b796d80               Options.compression_opts.strategy: 0
2022/10/06-01:39:53.579669 7f105b796d80         Options.compression_opts.max_dict_bytes: 0
2022/10/06-01:39:53.579670 7f105b796d80         Options.compression_opts.zstd_max_train_bytes: 0
2022/10/06-01:39:53.579672 7f105b796d80      Options.level0_file_num_compaction_trigger: 2
2022/10/06-01:39:53.579673 7f105b796d80          Options.level0_slowdown_writes_trigger: 20
2022/10/06-01:39:53.579674 7f105b796d80              Options.level0_stop_writes_trigger: 36
2022/10/06-01:39:53.579675 7f105b796d80                   Options.target_file_size_base: 67108864
2022/10/06-01:39:53.579677 7f105b796d80             Options.target_file_size_multiplier: 1
2022/10/06-01:39:53.579678 7f105b796d80                Options.max_bytes_for_level_base: 19173961
2022/10/06-01:39:53.579679 7f105b796d80 Options.level_compaction_dynamic_level_bytes: 1
2022/10/06-01:39:53.579680 7f105b796d80          Options.max_bytes_for_level_multiplier: 10.000000
2022/10/06-01:39:53.579684 7f105b796d80 Options.max_bytes_for_level_multiplier_addtl[0]: 1
2022/10/06-01:39:53.579685 7f105b796d80 Options.max_bytes_for_level_multiplier_addtl[1]: 1
2022/10/06-01:39:53.579686 7f105b796d80 Options.max_bytes_for_level_multiplier_addtl[2]: 1
2022/10/06-01:39:53.579687 7f105b796d80 Options.max_bytes_for_level_multiplier_addtl[3]: 1
2022/10/06-01:39:53.579689 7f105b796d80 Options.max_bytes_for_level_multiplier_addtl[4]: 1
2022/10/06-01:39:53.579733 7f105b796d80 Options.max_bytes_for_level_multiplier_addtl[5]: 1
2022/10/06-01:39:53.579735 7f105b796d80 Options.max_bytes_for_level_multiplier_addtl[6]: 1
2022/10/06-01:39:53.579737 7f105b796d80       Options.max_sequential_skip_in_iterations: 8
2022/10/06-01:39:53.579739 7f105b796d80                    Options.max_compaction_bytes: 1677721600
2022/10/06-01:39:53.579741 7f105b796d80                        Options.arena_block_size: 602112
2022/10/06-01:39:53.579743 7f105b796d80   Options.soft_pending_compaction_bytes_limit: 68719476736
2022/10/06-01:39:53.579745 7f105b796d80   Options.hard_pending_compaction_bytes_limit: 274877906944
2022/10/06-01:39:53.579747 7f105b796d80       Options.rate_limit_delay_max_milliseconds: 100
2022/10/06-01:39:53.579749 7f105b796d80                Options.disable_auto_compactions: 0
2022/10/06-01:39:53.579752 7f105b796d80                        Options.compaction_style: kCompactionStyleLevel
2022/10/06-01:39:53.579755 7f105b796d80                          Options.compaction_pri: kByCompensatedSize
2022/10/06-01:39:53.579757 7f105b796d80 Options.compaction_options_universal.size_ratio: 1
2022/10/06-01:39:53.579759 7f105b796d80 Options.compaction_options_universal.min_merge_width: 2
2022/10/06-01:39:53.579761 7f105b796d80 Options.compaction_options_universal.max_merge_width: 4294967295
2022/10/06-01:39:53.579764 7f105b796d80 Options.compaction_options_universal.max_size_amplification_percent: 200
2022/10/06-01:39:53.579766 7f105b796d80 Options.compaction_options_universal.compression_size_percent: -1
2022/10/06-01:39:53.579768 7f105b796d80 Options.compaction_options_universal.stop_style: kCompactionStopStyleTotalSize
2022/10/06-01:39:53.579770 7f105b796d80 Options.compaction_options_fifo.max_table_files_size: 1073741824
2022/10/06-01:39:53.579773 7f105b796d80 Options.compaction_options_fifo.allow_compaction: 0
2022/10/06-01:39:53.579774 7f105b796d80 Options.compaction_options_fifo.ttl: 0
2022/10/06-01:39:53.579777 7f105b796d80                   Options.table_properties_collectors: 
2022/10/06-01:39:53.579779 7f105b796d80                   Options.inplace_update_support: 0
2022/10/06-01:39:53.579781 7f105b796d80                 Options.inplace_update_num_locks: 10000
2022/10/06-01:39:53.579784 7f105b796d80               Options.memtable_prefix_bloom_size_ratio: 0.000000
2022/10/06-01:39:53.579787 7f105b796d80   Options.memtable_huge_page_size: 0
2022/10/06-01:39:53.579790 7f105b796d80                           Options.bloom_locality: 0
2022/10/06-01:39:53.579792 7f105b796d80                    Options.max_successive_merges: 0
2022/10/06-01:39:53.579794 7f105b796d80                Options.optimize_filters_for_hits: 0
2022/10/06-01:39:53.579796 7f105b796d80                Options.paranoid_file_checks: 0
2022/10/06-01:39:53.579798 7f105b796d80                Options.force_consistency_checks: 0
2022/10/06-01:39:53.579799 7f105b796d80                Options.report_bg_io_stats: 0
2022/10/06-01:39:53.579801 7f105b796d80                               Options.ttl: 0
2022/10/06-01:39:53.579847 7f105b796d80 [/home/srisht/.cargo/registry/src/github.com-1ecc6299db9ec823/parity-rocksdb-sys-0.5.6/rocksdb/db/db_impl.cc:1396] Created column family [col0] (ID 1)
2022/10/06-01:39:53.647536 7f105b796d80 [/home/srisht/.cargo/registry/src/github.com-1ecc6299db9ec823/parity-rocksdb-sys-0.5.6/rocksdb/db/column_family.cc:475] --------------- Options for column family [col1]:
2022/10/06-01:39:53.647544 7f105b796d80               Options.comparator: leveldb.BytewiseComparator
2022/10/06-01:39:53.647545 7f105b796d80           Options.merge_operator: None
2022/10/06-01:39:53.647546 7f105b796d80        Options.compaction_filter: None
2022/10/06-01:39:53.647547 7f105b796d80        Options.compaction_filter_factory: None
2022/10/06-01:39:53.647548 7f105b796d80         Options.memtable_factory: SkipListFactory
2022/10/06-01:39:53.647548 7f105b796d80            Options.table_factory: BlockBasedTable
2022/10/06-01:39:53.647602 7f105b796d80            table_factory options:   flush_block_policy_factory: FlushBlockBySizePolicyFactory (0x562bd0172ce0)
  cache_index_and_filter_blocks: 1
  cache_index_and_filter_blocks_with_high_priority: 0
  pin_l0_filter_and_index_blocks_in_cache: 1
  index_type: 0
  hash_index_allow_collision: 1
  checksum: 1
  no_block_cache: 0
  block_cache: 0x562bcfca82d0
  block_cache_name: LRUCache
  block_cache_options:
    capacity : 44739242
    num_shard_bits : 6
    strict_capacity_limit : 0
    high_pri_pool_ratio: 0.000
  block_cache_compressed: (nil)
  persistent_cache: (nil)
  block_size: 16384
  block_size_deviation: 10
  block_restart_interval: 16
  index_block_restart_interval: 1
  metadata_block_size: 4096
  partition_filters: 0
  use_delta_encoding: 1
  filter_policy: nullptr
  whole_key_filtering: 1
  verify_compression: 0
  read_amp_bytes_per_bit: 0
  format_version: 2
  enable_index_compression: 1
  block_align: 0
2022/10/06-01:39:53.647603 7f105b796d80        Options.write_buffer_size: 4793490
2022/10/06-01:39:53.647604 7f105b796d80  Options.max_write_buffer_number: 6
2022/10/06-01:39:53.647605 7f105b796d80          Options.compression: Snappy
2022/10/06-01:39:53.647605 7f105b796d80                  Options.bottommost_compression: Disabled
2022/10/06-01:39:53.647606 7f105b796d80       Options.prefix_extractor: nullptr
2022/10/06-01:39:53.647607 7f105b796d80   Options.memtable_insert_with_hint_prefix_extractor: nullptr
2022/10/06-01:39:53.647607 7f105b796d80             Options.num_levels: 7
2022/10/06-01:39:53.647608 7f105b796d80        Options.min_write_buffer_number_to_merge: 2
2022/10/06-01:39:53.647608 7f105b796d80     Options.max_write_buffer_number_to_maintain: 0
2022/10/06-01:39:53.647609 7f105b796d80            Options.compression_opts.window_bits: -14
2022/10/06-01:39:53.647609 7f105b796d80                  Options.compression_opts.level: -1
2022/10/06-01:39:53.647610 7f105b796d80               Options.compression_opts.strategy: 0
2022/10/06-01:39:53.647611 7f105b796d80         Options.compression_opts.max_dict_bytes: 0
2022/10/06-01:39:53.647611 7f105b796d80         Options.compression_opts.zstd_max_train_bytes: 0
2022/10/06-01:39:53.647612 7f105b796d80      Options.level0_file_num_compaction_trigger: 2
2022/10/06-01:39:53.647612 7f105b796d80          Options.level0_slowdown_writes_trigger: 20
2022/10/06-01:39:53.647613 7f105b796d80              Options.level0_stop_writes_trigger: 36
2022/10/06-01:39:53.647613 7f105b796d80                   Options.target_file_size_base: 67108864
2022/10/06-01:39:53.647614 7f105b796d80             Options.target_file_size_multiplier: 1
2022/10/06-01:39:53.647614 7f105b796d80                Options.max_bytes_for_level_base: 19173961
2022/10/06-01:39:53.647615 7f105b796d80 Options.level_compaction_dynamic_level_bytes: 1
2022/10/06-01:39:53.647615 7f105b796d80          Options.max_bytes_for_level_multiplier: 10.000000
2022/10/06-01:39:53.647617 7f105b796d80 Options.max_bytes_for_level_multiplier_addtl[0]: 1
2022/10/06-01:39:53.647618 7f105b796d80 Options.max_bytes_for_level_multiplier_addtl[1]: 1
2022/10/06-01:39:53.647618 7f105b796d80 Options.max_bytes_for_level_multiplier_addtl[2]: 1
2022/10/06-01:39:53.647619 7f105b796d80 Options.max_bytes_for_level_multiplier_addtl[3]: 1
2022/10/06-01:39:53.647619 7f105b796d80 Options.max_bytes_for_level_multiplier_addtl[4]: 1
2022/10/06-01:39:53.647635 7f105b796d80 Options.max_bytes_for_level_multiplier_addtl[5]: 1
2022/10/06-01:39:53.647636 7f105b796d80 Options.max_bytes_for_level_multiplier_addtl[6]: 1
2022/10/06-01:39:53.647637 7f105b796d80       Options.max_sequential_skip_in_iterations: 8
2022/10/06-01:39:53.647638 7f105b796d80                    Options.max_compaction_bytes: 1677721600
2022/10/06-01:39:53.647639 7f105b796d80                        Options.arena_block_size: 602112
2022/10/06-01:39:53.647640 7f105b796d80   Options.soft_pending_compaction_bytes_limit: 68719476736
2022/10/06-01:39:53.647641 7f105b796d80   Options.hard_pending_compaction_bytes_limit: 274877906944
2022/10/06-01:39:53.647642 7f105b796d80       Options.rate_limit_delay_max_milliseconds: 100
2022/10/06-01:39:53.647643 7f105b796d80                Options.disable_auto_compactions: 0
2022/10/06-01:39:53.647645 7f105b796d80                        Options.compaction_style: kCompactionStyleLevel
2022/10/06-01:39:53.647646 7f105b796d80                          Options.compaction_pri: kByCompensatedSize
2022/10/06-01:39:53.647647 7f105b796d80 Options.compaction_options_universal.size_ratio: 1
2022/10/06-01:39:53.647648 7f105b796d80 Options.compaction_options_universal.min_merge_width: 2
2022/10/06-01:39:53.647649 7f105b796d80 Options.compaction_options_universal.max_merge_width: 4294967295
2022/10/06-01:39:53.647650 7f105b796d80 Options.compaction_options_universal.max_size_amplification_percent: 200
2022/10/06-01:39:53.647689 7f105b796d80 Options.compaction_options_universal.compression_size_percent: -1
2022/10/06-01:39:53.647690 7f105b796d80 Options.compaction_options_universal.stop_style: kCompactionStopStyleTotalSize
2022/10/06-01:39:53.647690 7f105b796d80 Options.compaction_options_fifo.max_table_files_size: 1073741824
2022/10/06-01:39:53.647691 7f105b796d80 Options.compaction_options_fifo.allow_compaction: 0
2022/10/06-01:39:53.647691 7f105b796d80 Options.compaction_options_fifo.ttl: 0
2022/10/06-01:39:53.647692 7f105b796d80                   Options.table_properties_collectors: 
2022/10/06-01:39:53.647692 7f105b796d80                   Options.inplace_update_support: 0
2022/10/06-01:39:53.647693 7f105b796d80                 Options.inplace_update_num_locks: 10000
2022/10/06-01:39:53.647693 7f105b796d80               Options.memtable_prefix_bloom_size_ratio: 0.000000
2022/10/06-01:39:53.647694 7f105b796d80   Options.memtable_huge_page_size: 0
2022/10/06-01:39:53.647695 7f105b796d80                           Options.bloom_locality: 0
2022/10/06-01:39:53.647695 7f105b796d80                    Options.max_successive_merges: 0
2022/10/06-01:39:53.647695 7f105b796d80                Options.optimize_filters_for_hits: 0
2022/10/06-01:39:53.647696 7f105b796d80                Options.paranoid_file_checks: 0
2022/10/06-01:39:53.647696 7f105b796d80                Options.force_consistency_checks: 0
2022/10/06-01:39:53.647697 7f105b796d80                Options.report_bg_io_stats: 0
2022/10/06-01:39:53.647697 7f105b796d80                               Options.ttl: 0
2022/10/06-01:39:53.647725 7f105b796d80 [/home/srisht/.cargo/registry/src/github.com-1ecc6299db9ec823/parity-rocksdb-sys-0.5.6/rocksdb/db/db_impl.cc:1396] Created column family [col1] (ID 2)
2022/10/06-01:39:53.715443 7f105b796d80 [/home/srisht/.cargo/registry/src/github.com-1ecc6299db9ec823/parity-rocksdb-sys-0.5.6/rocksdb/db/column_family.cc:475] --------------- Options for column family [col2]:
2022/10/06-01:39:53.715450 7f105b796d80               Options.comparator: leveldb.BytewiseComparator
2022/10/06-01:39:53.715451 7f105b796d80           Options.merge_operator: None
2022/10/06-01:39:53.715452 7f105b796d80        Options.compaction_filter: None
2022/10/06-01:39:53.715453 7f105b796d80        Options.compaction_filter_factory: None
2022/10/06-01:39:53.715454 7f105b796d80         Options.memtable_factory: SkipListFactory
2022/10/06-01:39:53.715454 7f105b796d80            Options.table_factory: BlockBasedTable
2022/10/06-01:39:53.715478 7f105b796d80            table_factory options:   flush_block_policy_factory: FlushBlockBySizePolicyFactory (0x562bd0173830)
  cache_index_and_filter_blocks: 1
  cache_index_and_filter_blocks_with_high_priority: 0
  pin_l0_filter_and_index_blocks_in_cache: 1
  index_type: 0
  hash_index_allow_collision: 1
  checksum: 1
  no_block_cache: 0
  block_cache: 0x562bcfca82d0
  block_cache_name: LRUCache
  block_cache_options:
    capacity : 44739242
    num_shard_bits : 6
    strict_capacity_limit : 0
    high_pri_pool_ratio: 0.000
  block_cache_compressed: (nil)
  persistent_cache: (nil)
  block_size: 16384
  block_size_deviation: 10
  block_restart_interval: 16
  index_block_restart_interval: 1
  metadata_block_size: 4096
  partition_filters: 0
  use_delta_encoding: 1
  filter_policy: nullptr
  whole_key_filtering: 1
  verify_compression: 0
  read_amp_bytes_per_bit: 0
  format_version: 2
  enable_index_compression: 1
  block_align: 0
2022/10/06-01:39:53.715479 7f105b796d80        Options.write_buffer_size: 4793490
2022/10/06-01:39:53.715479 7f105b796d80  Options.max_write_buffer_number: 6
2022/10/06-01:39:53.715480 7f105b796d80          Options.compression: Snappy
2022/10/06-01:39:53.715481 7f105b796d80                  Options.bottommost_compression: Disabled
2022/10/06-01:39:53.715481 7f105b796d80       Options.prefix_extractor: nullptr
2022/10/06-01:39:53.715482 7f105b796d80   Options.memtable_insert_with_hint_prefix_extractor: nullptr
2022/10/06-01:39:53.715483 7f105b796d80             Options.num_levels: 7
2022/10/06-01:39:53.715483 7f105b796d80        Options.min_write_buffer_number_to_merge: 2
2022/10/06-01:39:53.715484 7f105b796d80     Options.max_write_buffer_number_to_maintain: 0
2022/10/06-01:39:53.715484 7f105b796d80            Options.compression_opts.window_bits: -14
2022/10/06-01:39:53.715485 7f105b796d80                  Options.compression_opts.level: -1
2022/10/06-01:39:53.715485 7f105b796d80               Options.compression_opts.strategy: 0
2022/10/06-01:39:53.715486 7f105b796d80         Options.compression_opts.max_dict_bytes: 0
2022/10/06-01:39:53.715486 7f105b796d80         Options.compression_opts.zstd_max_train_bytes: 0
2022/10/06-01:39:53.715487 7f105b796d80      Options.level0_file_num_compaction_trigger: 2
2022/10/06-01:39:53.715488 7f105b796d80          Options.level0_slowdown_writes_trigger: 20
2022/10/06-01:39:53.715488 7f105b796d80              Options.level0_stop_writes_trigger: 36
2022/10/06-01:39:53.715489 7f105b796d80                   Options.target_file_size_base: 67108864
2022/10/06-01:39:53.715489 7f105b796d80             Options.target_file_size_multiplier: 1
2022/10/06-01:39:53.715490 7f105b796d80                Options.max_bytes_for_level_base: 19173961
2022/10/06-01:39:53.715490 7f105b796d80 Options.level_compaction_dynamic_level_bytes: 1
2022/10/06-01:39:53.715491 7f105b796d80          Options.max_bytes_for_level_multiplier: 10.000000
2022/10/06-01:39:53.715493 7f105b796d80 Options.max_bytes_for_level_multiplier_addtl[0]: 1
2022/10/06-01:39:53.715493 7f105b796d80 Options.max_bytes_for_level_multiplier_addtl[1]: 1
2022/10/06-01:39:53.715494 7f105b796d80 Options.max_bytes_for_level_multiplier_addtl[2]: 1
2022/10/06-01:39:53.715494 7f105b796d80 Options.max_bytes_for_level_multiplier_addtl[3]: 1
2022/10/06-01:39:53.715495 7f105b796d80 Options.max_bytes_for_level_multiplier_addtl[4]: 1
2022/10/06-01:39:53.715503 7f105b796d80 Options.max_bytes_for_level_multiplier_addtl[5]: 1
2022/10/06-01:39:53.715504 7f105b796d80 Options.max_bytes_for_level_multiplier_addtl[6]: 1
2022/10/06-01:39:53.715504 7f105b796d80       Options.max_sequential_skip_in_iterations: 8
2022/10/06-01:39:53.715505 7f105b796d80                    Options.max_compaction_bytes: 1677721600
2022/10/06-01:39:53.715505 7f105b796d80                        Options.arena_block_size: 602112
2022/10/06-01:39:53.715506 7f105b796d80   Options.soft_pending_compaction_bytes_limit: 68719476736
2022/10/06-01:39:53.715506 7f105b796d80   Options.hard_pending_compaction_bytes_limit: 274877906944
2022/10/06-01:39:53.715507 7f105b796d80       Options.rate_limit_delay_max_milliseconds: 100
2022/10/06-01:39:53.715508 7f105b796d80                Options.disable_auto_compactions: 0
2022/10/06-01:39:53.715509 7f105b796d80                        Options.compaction_style: kCompactionStyleLevel
2022/10/06-01:39:53.715510 7f105b796d80                          Options.compaction_pri: kByCompensatedSize
2022/10/06-01:39:53.715510 7f105b796d80 Options.compaction_options_universal.size_ratio: 1
2022/10/06-01:39:53.715511 7f105b796d80 Options.compaction_options_universal.min_merge_width: 2
2022/10/06-01:39:53.715511 7f105b796d80 Options.compaction_options_universal.max_merge_width: 4294967295
2022/10/06-01:39:53.715512 7f105b796d80 Options.compaction_options_universal.max_size_amplification_percent: 200
2022/10/06-01:39:53.715512 7f105b796d80 Options.compaction_options_universal.compression_size_percent: -1
2022/10/06-01:39:53.715513 7f105b796d80 Options.compaction_options_universal.stop_style: kCompactionStopStyleTotalSize
2022/10/06-01:39:53.715514 7f105b796d80 Options.compaction_options_fifo.max_table_files_size: 1073741824
2022/10/06-01:39:53.715515 7f105b796d80 Options.compaction_options_fifo.allow_compaction: 0
2022/10/06-01:39:53.715515 7f105b796d80 Options.compaction_options_fifo.ttl: 0
2022/10/06-01:39:53.715516 7f105b796d80                   Options.table_properties_collectors: 
2022/10/06-01:39:53.715516 7f105b796d80                   Options.inplace_update_support: 0
2022/10/06-01:39:53.715517 7f105b796d80                 Options.inplace_update_num_locks: 10000
2022/10/06-01:39:53.715517 7f105b796d80               Options.memtable_prefix_bloom_size_ratio: 0.000000
2022/10/06-01:39:53.715518 7f105b796d80   Options.memtable_huge_page_size: 0
2022/10/06-01:39:53.715519 7f105b796d80                           Options.bloom_locality: 0
2022/10/06-01:39:53.715519 7f105b796d80                    Options.max_successive_merges: 0
2022/10/06-01:39:53.715520 7f105b796d80                Options.optimize_filters_for_hits: 0
2022/10/06-01:39:53.715520 7f105b796d80                Options.paranoid_file_checks: 0
2022/10/06-01:39:53.715521 7f105b796d80                Options.force_consistency_checks: 0
2022/10/06-01:39:53.715521 7f105b796d80                Options.report_bg_io_stats: 0
2022/10/06-01:39:53.715522 7f105b796d80                               Options.ttl: 0
2022/10/06-01:39:53.715552 7f105b796d80 [/home/srisht/.cargo/registry/src/github.com-1ecc6299db9ec823/parity-rocksdb-sys-0.5.6/rocksdb/db/db_impl.cc:1396] Created column family [col2] (ID 3)
2022/10/06-01:39:54.279798 7f105b796d80 [/home/srisht/.cargo/registry/src/github.com-1ecc6299db9ec823/parity-rocksdb-sys-0.5.6/rocksdb/db/column_family.cc:475] --------------- Options for column family [col3]:
2022/10/06-01:39:54.279809 7f105b796d80               Options.comparator: leveldb.BytewiseComparator
2022/10/06-01:39:54.279811 7f105b796d80           Options.merge_operator: None
2022/10/06-01:39:54.279813 7f105b796d80        Options.compaction_filter: None
2022/10/06-01:39:54.279814 7f105b796d80        Options.compaction_filter_factory: None
2022/10/06-01:39:54.279816 7f105b796d80         Options.memtable_factory: SkipListFactory
2022/10/06-01:39:54.279817 7f105b796d80            Options.table_factory: BlockBasedTable
2022/10/06-01:39:54.279846 7f105b796d80            table_factory options:   flush_block_policy_factory: FlushBlockBySizePolicyFactory (0x562bd0173060)
  cache_index_and_filter_blocks: 1
  cache_index_and_filter_blocks_with_high_priority: 0
  pin_l0_filter_and_index_blocks_in_cache: 1
  index_type: 0
  hash_index_allow_collision: 1
  checksum: 1
